Trial	RT	Difference	sDifference	Direction	Confidence

1	1392	-112	-14	-5	-3
2	1592	88	11	-1	-1
3	918	-586	-73	0	-1
4	1321	-183	-23	-5	-12
5	1124	-380	-48	-3	-3
6	986	-518	-65	0	-2
7	1149	-355	-44	-2	-2
8	1337	-167	-21	0	1
9	1480	-24	-3	2	6
10	1075	-429	-54	2	6
11	1181	-323	-40	2	4
12	1261	-243	-30	-3	4
13	1139	-365	-46	-1	5
14	1405	-99	-12	4	-2
15	995	-509	-64	4	6
16	1034	-470	-59	-6	3
17	1441	-63	-8	0	-2
18	1061	-443	-55	2	2
19	894	-610	-76	-3	3
20	737	-767	-96	-16	14
21	1444	-60	-8	0	-9
22	1173	-331	-41	0	-10
23	1255	-249	-31	0	12
24	1165	-339	-42	2	11
25	1489	-15	-2	0	3
26	1649	145	18	2	11
27	1181	-323	-40	0	12
28	1174	-330	-41	0	12
29	1647	143	18	4	5
30	1493	-11	-1	3	6
31	1143	-361	-45	-13	15
32	1373	-131	-16	2	4
33	1678	174	22	2	10
34	1950	446	56	5	17
35	1267	-237	-30	2	13
36	1403	-101	-13	0	-6
37	1376	-128	-16	-1	-2
38	1509	5	1	0	0
39	1809	305	38	1	13
40	1564	60	8	2	14
41	1259	-245	-31	0	21
42	2080	576	72	0	1
43	1015	-489	-61	0	-15
44	1715	211	26	17	24
45	1689	185	23	1	2
46	1290	-214	-27	2	4
47	1483	-21	-3	1	4
48	1608	104	13	0	17
49	1451	-53	-7	1	4
50	1554	50	6	0	11
51	1230	-274	-34	0	-13
52	1325	-179	-22	3	-11
53	1839	335	42	0	-8
54	1379	-125	-16	0	2
55	1476	-28	-4	0	-3
56	1203	-301	-38	0	9
57	1371	-133	-17	-4	5
58	1496	-8	-1	0	3
59	1697	193	24	1	10
60	1686	182	23	3	7
61	1814	310	39	1	10
62	1416	-88	-11	0	17
63	1696	192	24	0	16
64	1377	-127	-16	-1	14
65	1637	133	17	2	12
66	1747	243	30	4	11
67	1502	-2	0	1	15
68	1183	-321	-40	-2	14
69	1227	-277	-35	0	5
70	1624	120	15	0	0
71	1363	-141	-18	0	4
72	1623	119	15	0	3
73	1566	62	8	1	8
74	1412	-92	-12	0	11
75	1739	235	29	1	14
76	1295	-209	-26	-1	17
77	1792	288	36	1	6
78	1769	265	33	6	19
79	1192	-312	-39	0	15
80	2020	516	65	0	-3
81	1553	49	6	1	-4
82	1702	198	25	0	-2
83	1582	78	10	1	13
84	1726	222	28	0	16
85	1166	-338	-42	4	18
86	1553	49	6	0	-3
87	1745	241	30	1	2
88	1554	50	6	1	3
89	1371	-133	-17	1	17
90	1393	-111	-14	1	15
91	1713	209	26	0	7
92	2035	531	66	6	18
93	1392	-112	-14	5	25
94	1177	-327	-41	0	7
95	1870	366	46	2	14
96	1299	-205	-26	0	-7
97	2122	618	77	1	0
98	1354	-150	-19	1	9
99	1147	-357	-45	2	14
100	1884	380	48	1	6
101	1369	-135	-17	0	-3
102	1096	-408	-51	-2	19
103	1226	-278	-35	-1	12
104	1661	157	20	0	7
105	1448	-56	-7	1	10
106	1442	-62	-8	17	-25
107	1392	-112	-14	1	18
108	1348	-156	-20	0	19
109	1962	458	57	2	14
110	1508	4	1	3	12
111	1119	-385	-48	0	11
112	1549	45	6	1	-7
113	1480	-24	-3	0	12
114	1313	-191	-24	3	18
115	1606	102	13	1	-18
116	1294	-210	-26	0	-7
117	1241	-263	-33	-1	-9
118	1781	277	35	0	-2
119	1332	-172	-22	0	0
120	1278	-226	-28	0	-10
121	1857	353	44	1	-5
122	1456	-48	-6	0	7
123	1022	-482	-60	-1	15
124	1386	-118	-15	-1	14
125	1528	24	3	1	4
126	1294	-210	-26	0	10
127	1468	-36	-5	0	-2
128	1519	15	2	1	11
129	1320	-184	-23	0	14
130	1587	83	10	-1	5
131	1438	-66	-8	0	10
132	1290	-214	-27	1	13
133	1231	-273	-34	-1	-3
134	2065	561	70	-1	12
135	1743	239	30	-1	-17
136	1385	-119	-15	1	13
137	1266	-238	-30	-1	18
138	1415	-89	-11	1	15
139	1662	158	20	2	18
140	1371	-133	-17	0	20
141	1447	-57	-7	0	23
142	1559	55	7	0	16
143	1619	115	14	1	22
144	1831	327	41	1	13
145	1457	-47	-6	1	19
146	1492	-12	-2	0	20
147	1466	-38	-5	-1	15
148	1393	-111	-14	-1	23
149	1610	106	13	0	18
150	1479	-25	-3	1	16
151	1313	-191	-24	-1	13
152	1580	76	10	-2	17
153	1600	96	12	0	18
154	1359	-145	-18	1	21
155	1577	73	9	-1	12
156	1529	25	3	2	-3
157	1575	71	9	1	-10
158	1568	64	8	0	15
159	1480	-24	-3	2	19
160	1609	105	13	-1	19
161	1423	-81	-10	3	14
162	1418	-86	-11	0	11
163	1317	-187	-23	-1	7
164	1606	102	13	0	15
165	1607	103	13	1	0
166	1778	274	34	1	8
167	1487	-17	-2	0	17
168	1475	-29	-4	-2	20
169	1328	-176	-22	-1	19
170	1406	-98	-12	-1	19
171	1301	-203	-25	0	18
172	1535	31	4	-2	17
173	1336	-168	-21	-1	19
174	1519	15	2	0	25
175	1870	366	46	-2	20
176	1690	186	23	-1	19
177	1375	-129	-16	0	21
178	1544	40	5	0	16
179	1452	-52	-7	-2	21
180	1579	75	9	0	20
181	1477	-27	-3	-1	24
182	1388	-116	-15	0	24
183	1776	272	34	-1	25
184	1712	208	26	-1	21
185	1994	490	61	1	-22
186	1559	55	7	0	22
187	1468	-36	-5	0	26
188	1533	29	4	1	26
189	1692	188	24	-1	21
190	1601	97	12	0	22
191	2142	638	80	2	-7
192	1532	28	4	0	19
193	1492	-12	-2	1	22
194	1352	-152	-19	-1	24
195	1496	-8	-1	0	21
196	1452	-52	-7	0	25
197	1500	-4	-1	1	24
198	1370	-134	-17	0	28
199	1569	65	8	1	18
200	1443	-61	-8	0	21
201	1629	125	16	-2	18
202	1383	-121	-15	-1	21
203	1534	30	4	-2	15
204	1301	-203	-25	0	21
205	1443	-61	-8	0	22
206	1336	-168	-21	-2	17
207	1487	-17	-2	0	15
208	1607	103	13	-1	23
209	1371	-133	-17	0	8
210	1258	-246	-31	0	-3
211	2053	549	69	2	-3
212	1274	-230	-29	1	22
213	1239	-265	-33	0	16
214	1571	67	8	-2	-4
215	1176	-328	-41	0	5
216	1262	-242	-30	1	5
217	1347	-157	-20	-3	9
218	1617	113	14	0	8
219	1286	-218	-27	0	13
220	1402	-102	-13	-2	-5
221	1307	-197	-25	-1	17
222	1423	-81	-10	0	16
223	1335	-169	-21	-1	19
224	1589	85	11	0	16
225	1321	-183	-23	0	21
226	1640	136	17	-1	13
227	1509	5	1	0	-11
228	1379	-125	-16	0	13
229	1480	-24	-3	0	15
230	1513	9	1	0	25
231	1458	-46	-6	0	16
232	1473	-31	-4	0	13
233	1375	-129	-16	0	22
234	1368	-136	-17	0	12
235	1614	110	14	0	13
236	1841	337	42	2	19
237	1597	93	12	1	8
238	1485	-19	-2	-1	19
239	1526	22	3	0	24
240	1451	-53	-7	0	17
241	1517	13	2	0	24
242	1519	15	2	0	22
243	1579	75	9	-1	10
244	1497	-7	-1	-1	6
245	1266	-238	-30	-2	17
246	1315	-189	-24	-2	17
247	1773	269	34	-3	11
248	1368	-136	-17	0	4
249	1519	15	2	0	17
250	1392	-112	-14	-1	19
