Trial	RT	Difference	sDifference	Direction	Confidence

1	1127	-377	-47	-3	7
2	1708	204	26	0	-2
3	992	-512	-64	-3	9
4	1401	-103	-13	-3	-10
5	1329	-175	-22	-7	10
6	1270	-234	-29	-4	7
7	1835	331	41	0	0
8	892	-612	-77	-12	3
9	2006	502	63	5	4
10	1298	-206	-26	0	7
11	1223	-281	-35	9	-10
12	1125	-379	-47	-2	-10
13	1431	-73	-9	0	-8
14	1297	-207	-26	0	0
15	1318	-186	-23	4	4
16	2235	731	91	15	23
17	865	-639	-80	0	6
18	1099	-405	-51	-8	11
19	1223	-281	-35	0	-4
20	1403	-101	-13	5	0
21	1529	25	3	-4	-6
22	1004	-500	-63	-4	-15
23	1528	24	3	-6	6
24	982	-522	-65	-3	6
25	1465	-39	-5	-6	-4
26	1542	38	5	0	17
27	1290	-214	-27	-5	11
28	1340	-164	-21	0	11
29	1412	-92	-12	-5	19
30	1380	-124	-16	-1	8
31	1693	189	24	0	19
32	1152	-352	-44	-3	7
33	1427	-77	-10	-3	-7
34	1343	-161	-20	0	10
35	1384	-120	-15	-3	9
36	1314	-190	-24	-4	23
37	1560	56	7	4	-9
38	1314	-190	-24	-6	-9
39	1760	256	32	0	8
40	1614	110	14	-6	-12
41	1548	44	6	7	-6
42	1515	11	1	10	-10
43	1371	-133	-17	-3	13
44	1632	128	16	7	26
45	1330	-174	-22	-6	-15
46	1305	-199	-25	-13	16
47	1751	247	31	0	0
48	1425	-79	-10	-10	19
49	1423	-81	-10	0	14
50	1850	346	43	0	15
51	892	-612	-77	-21	18
52	1670	166	21	0	6
53	1272	-232	-29	-6	13
54	1470	-34	-4	0	12
55	1614	110	14	9	19
56	1505	1	0	-6	-13
57	1630	126	16	-7	-17
58	1677	173	22	10	-12
59	1955	451	56	0	-10
60	1464	-40	-5	0	-7
61	1570	66	8	-6	9
62	1335	-169	-21	0	18
63	1369	-135	-17	-12	6
64	1521	17	2	0	14
65	1350	-154	-19	-5	9
66	1698	194	24	0	8
67	1494	-10	-1	0	-11
68	1542	38	5	6	-8
69	1430	-74	-9	-6	15
70	1476	-28	-4	0	14
71	1559	55	7	-5	10
72	1432	-72	-9	0	14
73	1629	125	16	-8	15
74	1781	277	35	2	6
75	1450	-54	-7	4	-3
76	1301	-203	-25	-2	5
77	1587	83	10	-1	-7
78	1509	5	1	-4	3
79	1248	-256	-32	-4	7
80	1428	-76	-10	-4	11
81	1475	-29	-4	0	13
82	1439	-65	-8	0	22
83	1584	80	10	0	15
84	1679	175	22	-3	14
85	1547	43	5	-4	-10
86	1282	-222	-28	-5	-12
87	1599	95	12	4	-10
88	1055	-449	-56	-10	10
89	1590	86	11	0	18
90	1596	92	12	0	-5
91	1735	231	29	5	14
92	1529	25	3	3	10
93	1297	-207	-26	-1	-8
94	1382	-122	-15	-2	-6
95	1361	-143	-18	0	9
96	1950	446	56	-6	11
97	1729	225	28	7	-14
98	1330	-174	-22	-4	8
99	1510	6	1	0	7
100	1323	-181	-23	-3	12
101	1359	-145	-18	6	17
102	2007	503	63	5	9
103	1428	-76	-10	-6	12
104	1860	356	45	16	19
105	1457	-47	-6	2	14
106	1235	-269	-34	0	0
107	1607	103	13	0	-14
108	1300	-204	-26	-4	-5
109	1597	93	12	4	-14
110	1382	-122	-15	-2	-12
111	1579	75	9	-3	-6
112	1249	-255	-32	1	-3
113	1784	280	35	-2	-11
114	1297	-207	-26	-5	-6
115	1303	-201	-25	0	-5
116	1932	428	54	-10	10
117	1526	22	3	-8	11
118	1431	-73	-9	-5	5
119	1450	-54	-7	5	8
120	1788	284	36	15	11
121	1483	-21	-3	3	7
122	1507	3	0	0	8
123	1298	-206	-26	-4	7
124	1494	-10	-1	-3	12
125	1502	-2	0	0	13
126	1530	26	3	0	15
127	1426	-78	-10	4	7
128	1379	-125	-16	-1	-5
129	1568	64	8	0	7
130	1642	138	17	0	18
131	1353	-151	-19	0	-2
132	1703	199	25	3	7
133	1449	-55	-7	-3	-10
134	1722	218	27	-3	7
135	1540	36	5	0	0
136	1602	98	12	-5	-6
137	1341	-163	-20	-1	-9
138	1900	396	50	4	13
139	1271	-233	-29	4	-7
140	1688	184	23	0	-6
141	2481	977	122	26	22
142	1388	-116	-15	-2	-9
143	1477	-27	-3	-4	12
144	1485	-19	-2	-3	9
145	1087	-417	-52	10	22
146	1988	484	61	0	-15
147	1691	187	23	-3	7
148	1830	326	41	5	-13
149	1534	30	4	-9	-27
150	1933	429	54	3	-11
151	1268	-236	-30	5	-7
152	1972	468	59	7	-14
153	1468	-36	-5	5	-8
154	1747	243	30	0	0
155	1580	76	10	10	-9
156	1423	-81	-10	0	-10
157	1528	24	3	-4	13
158	1256	-248	-31	-5	6
159	1475	-29	-4	0	11
160	1470	-34	-4	0	15
161	1527	23	3	0	14
162	1478	-26	-3	0	16
163	1342	-162	-20	-4	13
164	1491	-13	-2	0	0
165	1176	-328	-41	-4	10
166	1152	-352	-44	-3	12
167	1490	-14	-2	0	11
168	1807	303	38	0	0
169	1431	-73	-9	0	12
170	1642	138	17	3	12
171	1654	150	19	0	0
172	1758	254	32	13	26
173	1193	-311	-39	-11	12
174	1860	356	45	0	0
175	1489	-15	-2	-4	-12
176	1646	142	18	0	0
177	1527	23	3	0	0
178	1533	29	4	0	20
179	1471	-33	-4	0	18
180	1800	296	37	5	18
181	1417	-87	-11	0	12
182	1820	316	40	5	19
183	1399	-105	-13	0	0
184	1382	-122	-15	0	14
185	1833	329	41	-3	6
186	1579	75	9	13	21
187	1820	316	40	13	16
188	1468	-36	-5	0	0
189	1538	34	4	0	0
190	1557	53	7	-4	17
191	1688	184	23	2	10
192	1322	-182	-23	0	0
193	1888	384	48	0	17
194	1960	456	57	21	25
195	1411	-93	-12	-4	-15
196	1230	-274	-34	0	0
197	1606	102	13	-3	-18
198	1410	-94	-12	0	0
199	2002	498	62	4	-5
200	1827	323	40	0	7
201	1424	-80	-10	8	-4
202	1849	345	43	0	0
203	2133	629	79	23	24
204	1694	190	24	0	5
205	1556	52	7	7	-9
206	1322	-182	-23	-5	-6
207	1428	-76	-10	-11	14
208	1633	129	16	3	-3
209	2001	497	62	0	-8
210	1853	349	44	-5	-13
211	1238	-266	-33	0	0
212	2272	768	96	5	-8
213	1945	441	55	-3	18
214	1741	237	30	17	22
215	1753	249	31	-3	0
216	2071	567	71	16	15
217	1273	-231	-29	0	0
218	1891	387	48	0	8
219	1776	272	34	-6	11
220	2405	901	113	5	9
221	1136	-368	-46	0	-18
222	1688	184	23	5	-22
223	1177	-327	-41	-5	0
224	1634	130	16	-4	-7
225	1808	304	38	0	5
226	1465	-39	-5	5	14
227	1627	123	15	0	0
228	1608	104	13	-4	-11
229	1562	58	7	-3	-15
230	1741	237	30	15	23
231	1812	308	39	0	0
232	1369	-135	-17	4	11
233	1672	168	21	-7	-13
234	1218	-286	-36	-16	-19
235	1772	268	34	10	-11
236	1686	182	23	7	9
237	1227	-277	-35	0	12
238	1776	272	34	5	-20
239	1549	45	6	-7	-14
240	1686	182	23	0	0
241	1388	-116	-15	0	9
242	1319	-185	-23	-5	9
243	1978	474	59	3	15
244	1685	181	23	5	15
245	1509	5	1	0	6
246	1083	-421	-53	6	23
247	1938	434	54	-6	-23
248	2004	500	63	23	-16
249	1337	-167	-21	0	0
250	1769	265	33	-3	-14
