Trial	RT	Difference	sDifference	Direction	Confidence

1	1205	-299	-37	0	-21
2	1133	-371	-46	-4	-14
3	1339	-165	-21	-7	-7
4	1522	18	2	-4	-4
5	1343	-161	-20	1	-4
6	1469	-35	-4	-1	-3
7	1512	8	1	0	0
8	1473	-31	-4	0	2
9	1505	1	0	0	1
10	1470	-34	-4	0	3
11	1584	80	10	-2	-2
12	995	-509	-64	-3	0
13	1499	-5	-1	0	-3
14	1537	33	4	0	1
15	1462	-42	-5	0	2
16	1378	-126	-16	0	3
17	1657	153	19	-2	-5
18	1307	-197	-25	0	-2
19	1242	-262	-33	-2	-5
20	1640	136	17	0	2
21	1265	-239	-30	-1	-11
22	1359	-145	-18	0	-15
23	1646	142	18	1	0
24	1456	-48	-6	1	-15
25	1306	-198	-25	0	0
26	1272	-232	-29	-1	-9
27	1503	-1	0	0	-8
28	1365	-139	-17	0	-1
29	1529	25	3	0	-2
30	1537	33	4	0	1
31	1543	39	5	0	2
32	1531	27	3	0	1
33	1503	-1	0	-2	2
34	1347	-157	-20	1	0
35	1470	-34	-4	-3	-6
36	1485	-19	-2	0	4
37	1491	-13	-2	0	8
38	1551	47	6	0	9
39	1375	-129	-16	1	5
40	1424	-80	-10	-5	-3
41	1408	-96	-12	0	-5
42	1303	-201	-25	-1	2
43	1705	201	25	-2	-3
44	1421	-83	-10	0	-11
45	1366	-138	-17	-2	-5
46	1563	59	7	0	-2
47	1275	-229	-29	-1	2
48	1682	178	22	0	1
49	1470	-34	-4	-3	0
50	1410	-94	-12	0	1
51	1738	234	29	0	-3
52	1363	-141	-18	-3	-3
53	1525	21	3	0	-3
54	1453	-51	-6	0	0
55	1860	356	45	0	-4
56	1379	-125	-16	0	0
57	1649	145	18	0	-4
58	1362	-142	-18	-1	4
59	1327	-177	-22	0	1
60	1544	40	5	4	4
61	1541	37	5	2	3
62	1348	-156	-20	0	3
63	2010	506	63	0	-3
64	1248	-256	-32	-2	-8
65	1558	54	7	0	-8
66	1468	-36	-5	0	-15
67	1374	-130	-16	0	4
68	1304	-200	-25	-3	-15
69	1518	14	2	0	-16
70	1375	-129	-16	0	5
71	1868	364	46	1	4
72	1481	-23	-3	0	0
73	1403	-101	-13	0	5
74	1495	-9	-1	0	2
75	1399	-105	-13	0	11
76	1481	-23	-3	0	2
77	1721	217	27	0	2
78	1464	-40	-5	0	-6
79	1501	-3	0	0	7
80	1348	-156	-20	0	7
81	1572	68	9	0	4
82	1543	39	5	-2	-8
83	1377	-127	-16	0	-2
84	1374	-130	-16	0	-6
85	1328	-176	-22	-3	-6
86	1409	-95	-12	-2	-6
87	1610	106	13	0	3
88	1270	-234	-29	0	1
89	1710	206	26	0	-26
90	1289	-215	-27	-3	-11
91	1643	139	17	1	-6
92	1224	-280	-35	-4	-7
93	1578	74	9	0	0
94	1506	2	0	0	-1
95	1346	-158	-20	-2	-2
96	1495	-9	-1	-2	-6
97	1351	-153	-19	0	4
98	1599	95	12	0	2
99	1341	-163	-20	0	4
100	1600	96	12	-2	0
101	1498	-6	-1	-13	-15
102	1461	-43	-5	-5	2
103	1183	-321	-40	0	5
104	1218	-286	-36	-3	-5
105	1515	11	1	-2	3
106	1285	-219	-27	-5	-4
107	1415	-89	-11	-4	2
108	1474	-30	-4	0	0
109	1441	-63	-8	0	2
110	1713	209	26	0	5
111	1250	-254	-32	0	7
112	1421	-83	-10	0	-7
113	1713	209	26	0	-3
114	1336	-168	-21	-4	-4
115	1508	4	1	0	1
116	1410	-94	-12	-2	-4
117	1431	-73	-9	0	3
118	1663	159	20	-4	-15
119	1220	-284	-36	0	-10
120	1686	182	23	1	-4
121	1323	-181	-23	6	3
122	1544	40	5	2	-17
123	1292	-212	-27	0	-14
124	1554	50	6	-2	-11
125	1441	-63	-8	0	-4
126	1377	-127	-16	0	1
127	1584	80	10	0	1
128	1734	230	29	8	-9
129	1512	8	1	0	4
130	1474	-30	-4	0	-4
131	1442	-62	-8	-1	-2
132	1501	-3	0	-3	3
133	1544	40	5	0	-3
134	1520	16	2	0	7
135	1357	-147	-18	0	4
136	1524	20	3	2	-4
137	1561	57	7	0	5
138	1568	64	8	-2	-5
139	1410	-94	-12	3	1
140	1486	-18	-2	0	9
141	1532	28	4	0	9
142	1737	233	29	2	0
143	1335	-169	-21	0	4
144	1378	-126	-16	-9	-12
145	1589	85	11	0	6
146	1591	87	11	2	-10
147	1392	-112	-14	3	0
148	1594	90	11	0	-7
149	1463	-41	-5	-2	-11
150	1545	41	5	0	0
151	1565	61	8	0	-9
152	1577	73	9	2	1
153	1368	-136	-17	2	-3
154	1638	134	17	0	2
155	1554	50	6	0	-1
156	1565	61	8	2	0
157	1465	-39	-5	1	1
158	1582	78	10	-2	3
159	1870	366	46	3	-18
160	1549	45	6	10	-16
161	1332	-172	-22	0	1
162	1617	113	14	1	-13
163	1554	50	6	1	-10
164	1188	-316	-40	0	4
165	1442	-62	-8	0	2
166	1514	10	1	1	-21
167	1332	-172	-22	-3	2
168	1468	-36	-5	0	-3
169	1791	287	36	0	0
170	1228	-276	-35	-1	-8
171	1507	3	0	0	3
172	1285	-219	-27	0	0
173	1609	105	13	-2	5
174	1547	43	5	2	1
175	1248	-256	-32	-1	4
176	1416	-88	-11	0	-7
177	1395	-109	-14	0	-2
178	1539	35	4	-2	-3
179	1511	7	1	0	-1
180	1615	111	14	0	1
181	1512	8	1	2	-1
182	1376	-128	-16	-2	3
183	1301	-203	-25	-2	0
184	1876	372	47	0	0
185	1483	-21	-3	0	-10
186	1477	-27	-3	1	-4
187	1645	141	18	-1	2
188	1547	43	5	0	1
189	1589	85	11	0	-1
190	1480	-24	-3	0	2
191	1511	7	1	0	3
192	1348	-156	-20	0	4
193	1645	141	18	0	4
194	1426	-78	-10	0	2
195	1368	-136	-17	-1	-2
196	1513	9	1	0	-4
197	1487	-17	-2	0	3
198	1443	-61	-8	0	3
199	1539	35	4	0	3
200	1585	81	10	0	9
201	1442	-62	-8	1	-5
202	1501	-3	0	1	-9
203	1406	-98	-12	-2	4
204	1551	47	6	0	0
205	1449	-55	-7	0	5
206	1707	203	25	0	4
207	1268	-236	-30	0	7
208	1712	208	26	0	-3
209	1355	-149	-19	0	-6
210	1359	-145	-18	-3	-4
211	1367	-137	-17	-1	-2
212	1679	175	22	0	-2
213	1307	-197	-25	-1	2
214	1426	-78	-10	0	0
215	1621	117	15	0	2
216	1292	-212	-27	0	-4
217	1444	-60	-8	0	-2
218	1500	-4	-1	0	5
219	1457	-47	-6	0	3
220	1330	-174	-22	0	4
221	1475	-29	-4	0	-4
222	1451	-53	-7	0	-4
223	1477	-27	-3	-1	3
224	1505	1	0	0	3
225	1552	48	6	0	5
226	1505	1	0	1	2
227	1460	-44	-6	0	2
228	1528	24	3	0	2
229	1374	-130	-16	0	3
230	1615	111	14	0	4
231	1286	-218	-27	-3	2
232	1442	-62	-8	0	2
233	1559	55	7	2	-2
234	1688	184	23	4	-3
235	1213	-291	-36	0	2
236	1649	145	18	0	-10
237	1501	-3	0	-1	-12
238	1393	-111	-14	0	-5
239	1453	-51	-6	-1	0
240	1597	93	12	0	1
241	1396	-108	-14	-2	-2
242	1789	285	36	0	0
243	1329	-175	-22	-2	-7
244	1643	139	17	0	3
245	1581	77	10	3	-4
246	1459	-45	-6	0	-3
247	1478	-26	-3	-2	-6
248	1367	-137	-17	-1	-3
249	1460	-44	-6	0	0
250	1328	-176	-22	0	0
