Trial	RT	Difference	sDifference	Direction	Confidence

1	1744	240	30	19	-28
2	1582	78	10	12	-4
3	1424	-80	-10	-2	9
4	1061	-443	-55	-8	10
5	1591	87	11	4	17
6	1966	462	58	2	16
7	1580	76	10	0	12
8	1678	174	22	0	14
9	1640	136	17	-7	12
10	1138	-366	-46	-22	19
11	1412	-92	-12	3	15
12	1546	42	5	-2	12
13	1210	-294	-37	-7	15
14	1618	114	14	-4	14
15	1971	467	58	-8	-11
16	1529	25	3	-12	14
17	1408	-96	-12	-3	-8
18	1496	-8	-1	-4	7
19	1280	-224	-28	0	3
20	1569	65	8	3	11
21	1478	-26	-3	-3	14
22	1607	103	13	0	12
23	1455	-49	-6	-8	14
24	1482	-22	-3	-5	-9
25	1336	-168	-21	-13	-7
26	1550	46	6	-2	7
27	1742	238	30	0	7
28	1491	-13	-2	-5	-13
29	1548	44	6	0	-14
30	1637	133	17	-7	-3
31	1456	-48	-6	0	-8
32	1426	-78	-10	0	-5
33	1486	-18	-2	-3	4
34	1577	73	9	-6	5
35	1382	-122	-15	-5	-3
36	1448	-56	-7	-6	-4
37	1772	268	34	-4	-9
38	1271	-233	-29	-2	-12
39	1666	162	20	-2	5
40	1424	-80	-10	-2	4
41	1494	-10	-1	3	4
42	1484	-20	-3	0	11
43	1463	-41	-5	0	14
44	1525	21	3	0	13
45	1419	-85	-11	0	22
46	1516	12	2	-2	16
47	1743	239	30	-1	4
48	1270	-234	-29	0	-11
49	1517	13	2	-3	5
50	1456	-48	-6	0	15
51	1685	181	23	0	-29
52	1517	13	2	-5	-20
53	1392	-112	-14	0	7
54	1372	-132	-17	3	-9
55	1595	91	11	2	-13
56	1384	-120	-15	0	-5
57	1534	30	4	-4	-1
58	1295	-209	-26	-1	4
59	1385	-119	-15	-3	0
60	1362	-142	-18	3	2
61	1409	-95	-12	2	8
62	1832	328	41	8	10
63	1417	-87	-11	-2	5
64	1691	187	23	7	-11
65	1462	-42	-5	-6	3
66	1377	-127	-16	0	10
67	1214	-290	-36	-7	7
68	1392	-112	-14	-5	-12
69	1337	-167	-21	-1	-2
70	1658	154	19	3	-8
71	1430	-74	-9	6	-5
72	1354	-150	-19	-3	-3
73	1381	-123	-15	5	-5
74	1333	-171	-21	9	-6
75	1575	71	9	-2	-3
76	1194	-310	-39	-3	0
77	1469	-35	-4	-2	0
78	1462	-42	-5	0	5
79	1435	-69	-9	-1	4
80	1584	80	10	2	5
81	1436	-68	-9	-2	3
82	1493	-11	-1	-3	6
83	1595	91	11	0	7
84	1613	109	14	4	-14
85	1478	-26	-3	0	-2
86	1517	13	2	0	10
87	1559	55	7	0	11
88	1472	-32	-4	0	11
89	1492	-12	-2	0	13
90	1569	65	8	0	14
91	1492	-12	-2	0	15
92	1406	-98	-12	0	13
93	1408	-96	-12	0	0
94	1432	-72	-9	0	5
95	1538	34	4	0	3
96	1460	-44	-6	0	15
97	1522	18	2	0	17
98	1517	13	2	0	18
99	1493	-11	-1	0	23
100	1480	-24	-3	0	25
101	1514	10	1	0	-23
102	1542	38	5	0	0
103	1531	27	3	0	7
104	1531	27	3	-2	0
105	1572	68	9	0	7
106	1432	-72	-9	0	5
107	1423	-81	-10	0	10
108	1649	145	18	4	-6
109	1404	-100	-13	0	-5
110	1525	21	3	0	-4
111	1478	-26	-3	0	0
112	1458	-46	-6	0	3
113	1591	87	11	0	8
114	1672	168	21	0	-4
115	1423	-81	-10	0	-8
116	1440	-64	-8	0	0
117	1597	93	12	0	0
118	1467	-37	-5	0	-3
119	1573	69	9	0	3
120	1571	67	8	0	5
121	1559	55	7	0	4
122	1258	-246	-31	0	5
123	1693	189	24	0	-4
124	1396	-108	-14	0	-4
125	1480	-24	-3	0	-6
126	1483	-21	-3	0	0
127	1442	-62	-8	0	4
128	1628	124	16	0	4
129	1531	27	3	0	3
130	1495	-9	-1	0	10
131	1469	-35	-4	0	12
132	1372	-132	-17	0	17
133	1764	260	33	0	8
134	1510	6	1	0	-5
135	1652	148	19	0	0
136	1506	2	0	0	-4
137	1573	69	9	0	4
138	1312	-192	-24	-4	-16
139	1402	-102	-13	0	-8
140	1419	-85	-11	3	-9
141	1459	-45	-6	0	-5
142	1382	-122	-15	0	3
143	1462	-42	-5	0	-4
144	1427	-77	-10	0	11
145	1349	-155	-19	0	14
146	1580	76	10	0	-5
147	1394	-110	-14	0	10
148	1386	-118	-15	-3	-11
149	1528	24	3	0	-11
150	1558	54	7	0	8
151	1744	240	30	13	7
152	1597	93	12	0	-11
153	1772	268	34	0	-5
154	1450	-54	-7	0	-9
155	1656	152	19	0	-7
156	1506	2	0	0	-5
157	1469	-35	-4	0	4
158	1530	26	3	0	7
159	1410	-94	-12	0	13
160	1589	85	11	0	4
161	1474	-30	-4	0	-1
162	1449	-55	-7	0	10
163	1448	-56	-7	0	13
164	1458	-46	-6	0	8
165	1428	-76	-10	0	4
166	1461	-43	-5	0	-5
167	1494	-10	-1	0	10
168	1534	30	4	0	8
169	1538	34	4	0	13
170	1640	136	17	0	16
171	1460	-44	-6	-2	-6
172	1381	-123	-15	0	4
173	1594	90	11	0	-8
174	1517	13	2	0	-4
175	1520	16	2	0	5
176	1365	-139	-17	0	11
177	1468	-36	-5	0	5
178	1394	-110	-14	0	-9
179	1438	-66	-8	0	7
180	1509	5	1	0	5
181	1450	-54	-7	0	16
182	1467	-37	-5	-4	6
183	1406	-98	-12	0	5
184	1477	-27	-3	0	8
185	1448	-56	-7	0	11
186	1543	39	5	0	8
187	1382	-122	-15	0	18
188	1485	-19	-2	0	18
189	1619	115	14	0	23
190	1458	-46	-6	0	17
191	1593	89	11	0	18
192	1529	25	3	0	14
193	1495	-9	-1	-4	-8
194	1502	-2	0	0	5
195	1432	-72	-9	5	-7
196	1564	60	8	0	4
197	1381	-123	-15	0	13
198	1519	15	2	0	3
199	1366	-138	-17	0	15
200	1529	25	3	0	12
201	1447	-57	-7	0	-12
202	3648	2144	125	31	26
203	1450	-54	-7	0	-11
204	1487	-17	-2	0	6
205	1552	48	6	0	10
206	1462	-42	-5	0	17
207	1519	15	2	0	15
208	1366	-138	-17	0	6
209	1471	-33	-4	0	15
210	1557	53	7	0	13
211	1549	45	6	0	18
212	1402	-102	-13	0	6
213	1530	26	3	0	13
214	1550	46	6	0	11
215	1454	-50	-6	0	21
216	1629	125	16	0	18
217	1570	66	8	0	15
218	1721	217	27	0	9
219	1442	-62	-8	0	6
220	1408	-96	-12	5	-16
221	1418	-86	-11	0	5
222	1525	21	3	0	3
223	1549	45	6	0	10
224	1443	-61	-8	0	13
225	1456	-48	-6	0	12
226	1577	73	9	0	13
227	1605	101	13	0	7
228	1584	80	10	0	5
229	1464	-40	-5	0	7
230	1435	-69	-9	0	5
231	1495	-9	-1	0	11
232	1283	-221	-28	0	13
233	1616	112	14	0	9
234	1472	-32	-4	0	8
235	1583	79	10	0	11
236	1636	132	17	0	8
237	1373	-131	-16	0	9
238	1463	-41	-5	0	6
239	1362	-142	-18	0	6
240	1452	-52	-7	0	4
241	1330	-174	-22	0	15
242	1425	-79	-10	0	16
243	1501	-3	0	0	13
244	1434	-70	-9	0	15
245	1337	-167	-21	0	13
246	1501	-3	0	0	10
247	1494	-10	-1	0	10
248	1403	-101	-13	0	12
249	1510	6	1	0	11
250	1541	37	5	0	11
